function C = newcolormapcreate()

C = [255,255,255;
255,255,255;
255,255,255;
255,255,255;
255,255,255;
255,255,255;
255,255,255;
255,255,255;
255,255,255;
255,255,255;
255,255,255;
255,255,255;
255,255,255;
255,255,255;
255,255,255;
255,255,255;
255,255,255;
255,255,255;
255,255,255;
255,255,255;
255,255,255;
255,255,255;
255,255,255;
255,255,255;
255,255,255;
255,255,255;
255,255,255;
255,255,255;
255,255,255;
255,255,255;
255,255,255;
255,255,255;
255,255,255;
255,255,255;
255,255,255;
255,255,255;
255,255,255;
255,255,255;
255,255,255;
255,255,255;
255,255,255;
255,255,255;
255,255,255;
255,255,255;
255,255,255;
255,255,255;
255,255,255;
255,255,255;
255,255,255;
255,255,255;
255,255,255;
255,255,255;
255,255,255;
255,255,255;
255,255,255;
255,255,255;
255,255,255;
255,255,255;
255,255,255;
255,255,255;
255,255,255;
255,255,255;
255,255,255;
255,255,255;
255,255,255;
253,255,253;
251,255,251;
249,255,249;
247,255,247;
245,255,245;
243,255,243;
241,255,241;
239,255,239;
237,255,237;
235,255,235;
233,255,233;
231,255,231;
229,255,229;
227,255,227;
225,255,225;
223,255,223;
221,255,221;
219,255,219;
217,255,217;
215,255,215;
213,255,213;
211,255,211;
209,255,209;
207,255,207;
205,255,205;
203,255,203;
201,255,201;
199,255,199;
197,255,197;
195,255,195;
193,255,193;
190,255,190;
188,255,188;
186,255,186;
184,255,184;
182,255,182;
180,255,180;
178,255,178;
176,255,176;
174,255,174;
172,255,172;
170,255,170;
168,255,168;
166,255,166;
164,255,164;
162,255,162;
160,255,160;
158,255,158;
156,255,156;
154,255,154;
152,255,152;
150,255,150;
148,255,148;
146,255,146;
144,255,144;
142,255,142;
140,255,140;
138,255,138;
136,255,136;
134,255,134;
132,255,132;
130,255,130;
128,255,128;
128,255,127;
130,255,127;
132,255,127;
134,255,127;
136,255,127;
138,255,127;
140,255,127;
142,255,127;
144,255,127;
146,255,126;
148,255,126;
150,255,126;
152,255,126;
154,255,126;
156,255,126;
158,255,126;
160,255,126;
162,255,126;
164,255,126;
166,255,126;
168,255,126;
170,255,126;
172,255,126;
174,255,126;
176,255,126;
178,255,126;
180,255,126;
182,255,126;
184,255,126;
186,255,126;
188,255,126;
190,255,126;
193,255,126;
195,255,126;
197,255,126;
199,255,126;
201,255,126;
203,255,126;
205,255,126;
207,255,126;
209,255,126;
211,255,126;
213,255,126;
215,255,126;
217,255,126;
219,255,126;
221,255,126;
223,255,126;
225,255,126;
227,255,126;
229,255,126;
231,255,125;
233,255,125;
235,255,125;
237,255,125;
239,255,125;
241,255,125;
243,255,125;
245,255,125;
247,255,125;
249,255,125;
251,255,125;
253,255,125;
255,255,125;
255,255,124;
255,255,122;
255,255,120;
255,255,118;
255,255,116;
255,255,114;
255,255,112;
255,255,110;
255,255,108;
255,255,106;
255,255,104;
255,255,102;
255,255,100;
255,255,99;
255,255,97;
255,255,95;
255,255,93;
255,255,91;
255,255,89;
255,255,87;
255,255,85;
255,255,83;
255,255,81;
255,255,79;
255,255,77;
255,255,75;
255,255,73;
255,255,71;
255,255,69;
255,255,67;
255,255,66;
255,255,64;
255,255,62;
255,255,60;
255,255,58;
255,255,56;
255,255,54;
255,255,52;
255,255,50;
255,255,48;
255,255,46;
255,255,44;
255,255,42;
255,255,40;
255,255,38;
255,255,36;
255,255,35;
255,255,33;
255,255,31;
255,255,29;
255,255,27;
255,255,25;
255,255,23;
255,255,21;
255,255,19;
255,255,17;
255,255,15;
255,255,13;
255,255,11;
255,255,9;
255,255,7;
255,255,5;
255,255,3;
255,255,2];

end